0.00003238
0.0001295
0.00003241
0.0002283
0.00009743
0.00003282
0.00006482
0.00003251
0.0001378
0.02089
0.00003236
0.0006464
0.00003251
0.00003234
0.00003232
0.00003234
0.00003241
0.0000324
0.00003237
0.00003237
0.02273
0.004858
0.00003238
0.00003245
0.00003236
0.00009705
0.00003237
0.00003247
0.00003237
0.00003236
0.00003237
0.00003236
0.00003243
0.00003248
0.00006483
0.00003247
0.00003249
0.00005616
0.00003236
0.00003235
0.00001586
0.0001618
0.00003255
0.00001493
0.0001294
0.00003232
0.0001063
0.00003234
0.00003226
0.00001057
0.02135
0.001863
0.00003212
0.00003237
0.00001059
0.00009706
0.00002321
0.00001178
0.00007408
0.00003092
0.0001376
0.00003228
0.0000323
0.00006465
0.00003232
0.0001293
0.00349
0.0000323
0.00003231
0.01199
0.0000323
0.00006477
0.0001615
0.0000646
0.00003231
0.00003234
0.00003232
0.006429
0.00006462
0.00003239
0.00009706
0.00003238
0.00003235
0.00003251
0.00013
0.00009762
0.00003268
0.00102
0.00003246
0.00003256
0.0008171
0.00003275
0.0004592
0.00003271
0.05854
0.00003652
0.0004367
0.00003851
0.0000324
0.0009056
0.00003235
0.0000323
0.00003237
0.00275
0.00003235
0.01084
0.00006468
0.00009691
0.00003231
0.00003231
0.0000323
0.0001292
0.01628
0.00003229
0.00003229
0.0000323
0.001647
0.0001614
0.00006458
0.004877
0.0001292
0.0005813
0.0000323
0.00009691
0.00006456
0.00003228
0.004424
0.00003229
0.0000646
0.00009687
0.0005489
0.00003229
0.00003229
0.000004063
0.00003228
0.000004062
0.00001082
0.000004061
0.000004061
0.000008122
0.000004061
0.00001218
0.000004061
0.000004061
0.000004061
0.000004061
0.00001443
0.000004061
0.000004061
0.00003229
0.000004061
0.000004061
0.00003655
0.00003228
0.00003232
0.000004062
0.000004062
0.000004062
0.000004131
0.000004062
0.000004063
0.000007219
0.000007221
0.000004065
0.000007224
0.000004068
0.000004073
0.000007238
0.00001634
0.000004088
0.01127
0.0000409
0.00003231
0.001163
0.0009366
0.000004562
0.009329
0.00000435
0.000004268
0.00003231
0.000004135
0.00003231
0.000004124
0.000004101
0.0000573
0.00000409
0.000004083
0.000004082
0.000004083
0.00006116
0.0001883
0.000004077
0.00000724
0.000004076
0.00002037
0.000004072
0.000004071
0.00000407
0.000008141
0.00001221
0.000004068
0.000008136
0.000008137
0.000004069
0.000008139
0.00006505
0.000253
0.000004069
0.00000407
0.000008141
0.000004072
0.0000323
0.00003618
0.00002446
0.000004076
0.000004086
0.0002184
0.000004145
0.000004165
0.00001256
0.00001258
0.00002296
0.00000441
0.000004487
0.00003229
0.0000346
0.00005099
0.00003266
0.0324
0.000006736
0.00001343
0.0001331
0.0001275
0.000006602
0.000006533
0.000006468
0.0001089
0.00005726
0.000006319
0.00007929
0.00001884
0.000006226
0.00002088
0.000012
0.00004582
0.00001437
0.00001118
0.00002783
0.00003229
0.00003227
0.0000323
0.000004842
0.0000323
0.000004684
0.00002867
0.00004077
0.00002846
0.000301
0.0000139
0.00003229
0.00003701
0.00001647
0.000004774
0.000004774
0.000004789
0.000009523
0.000004731
0.00003229
0.00006458
0.00006133
0.000004682
0.00001391
0.000008063
0.00001818
0.00113
0.00003229
0.00009689
0.0000323
0.0000323
0.0000323
0.00001218
0.000004061
0.00003229
0.000004061
0.000004061
0.00003229
0.000004061
0.0000203
0.000004061
0.00003228
0.000004061
0.000007214
0.00002164
0.01139
0.000004061
0.000004061
0.000004061
0.000008121
0.000004061
0.000004061
0.00001218
0.000004061
0.0001291
0.000004061
0.000004061
0.000008121
0.000004061
0.00001218
0.00001218
0.000004061
0.00007214
0.000008122
0.000004061
0.000004061
0.000004061
0.00005279
0.000008122
0.000004061
0.00001624
0.000004061
0.000004061
0.000008121
0.000004061
0.000004061
0.000004061
0.0001462
0.00002525
0.000004061
0.000004061
0.00001218
0.000004061
0.000004061
0.00002164
0.00001443
0.00007575
0.000008121
0.000008121
0.000004061
0.00001443
0.0000203
0.000004061
0.000004061
0.00001624
0.0002802
0.000004061
0.000004061
0.000004061
0.000004061
0.00001218
0.00001443
0.000004061
0.00004329
0.00001804
0.0001615
0.000004061
0.000004061
0.00001082
0.000008121
0.0000323
0.000008121
0.000004061
0.0001515
0.00001443
0.000004061
0.000004061
0.000004061
0.000007215
0.000004061
0.00004061
0.00008659
0.000004061
0.000007216
0.000004062
0.000004061
0.00001625
0.000004063
0.000004067
0.00001221
0.000004069
0.00001229
0.000004134
0.0001161
0.00001109
0.000008632
0.0000132
0.000004988
0.00003232
0.0002033
0.00004702
0.1059
0.000004102
0.00003241
0.00000818
0.000004081
0.000004074
0.00001447
0.00001222
0.000004075
0.00000814
0.00005779
0.0005417
0.000004064
0.00009026
0.00001219
0.000004063
0.000004062
0.000004061
0.000004061
0.0000324
0.00001218
0.000004061
0.0000203
0.000004061
0.000004061
0.00001443
0.000004061
0.000004061
0.000004061
0.000004061
0.000004061
0.000008121
0.000004061
0.0002093
0.000008121
0.000004061
0.000004062
0.000008125
0.000004064
0.0001585
0.00000813
0.00000407
0.00000407
0.00000407
0.01197
0.00001453
0.0002287
0.000004083
0.000004087
0.000004158
0.00006566
0.0005249
0.00006505
0.00003254
0.00003249
0.000065
0.00006504
0.00003252
0.006736
0.00003265
0.00003261
0.0001303
0.00003252
0.00009768
0.00003249
0.00003257
0.00003258
0.0001622
0.0001298
0.0000325
0.0000324
0.00003239
0.05185
0.00006504
0.00003234
0.001681
0.00006467
0.00003237
0.00006466
0.00003232
0.00000556
0.00001065
0.00001065
0.000005088
0.0000568
0.8597
0.000004635
0.00001185
0.00002677
0.000004373
0.000004342
0.000008643
0.001493
0.0000323
0.000004176
0.000004176
0.0000125
0.00003317
0.000004161
0.000008306
0.00003231
0.006938
0.00000727
0.000004092
0.000004088
0.000004084
0.0003226
0.0000181
0.000004069
0.000007227
0.000004069
0.000004068
0.000004065
0.00004332
0.00004877
0.00001805
0.000004062
0.000004062
0.000008124
0.000004062
0.000004062
0.000004062
0.000004061
0.0001335
0.00003249
0.000004061
0.01229
0.00003247
0.000004061
0.00001804
0.00003233
0.00002525
0.000004061
0.000004061
0.000008121
0.000004061
0.000004061
0.00001218
0.000004061
0.000004061
0.00002437
0.00006493
0.00003229
0.00003228
0.00001625
0.00002165
0.000007216
0.00001625
0.000004062
0.00001443
0.000008126
0.00001804
0.000007217
0.0002021
0.000004063
0.000004062
0.0000325
0.000004063
0.000004062
0.000004063
0.000004063
0.000004063
0.00001219
0.000004063
0.000008126
0.00001083
0.000004063
0.00001219
0.000004063
0.000004064
0.000004064
0.000004064
0.00002166
0.000004063
0.00001219
0.0001011
0.00004331
0.00003656
0.00003231
0.000008126
0.000004063
0.00005053
0.000004063
0.000008126
0.00004469
0.00001625
0.00002032
0.000004063
0.00003232
0.000008126
0.000004063
0.000008126
0.0001616
0.0001047
0.000004064
0.000004063
0.00001083
0.000004063
0.000004064
0.000004066
0.00001084
0.000004067
0.000008138
0.000004069
0.00000407
0.00001446
0.00002445
0.000004083
0.000008172
0.000004086
0.000004089
0.000004104
0.000004103
0.000004123
0.00002064
0.000004128
0.000004142
0.000004146
0.00001246
0.00001248
0.000004168
0.000004502
0.000009152
0.00006464
0.00003232
0.007573
0.8407
0.001655
0.0001635
0.01832
0.00006521
0.00003279
0.08132
0.00003312
0.001312
0.00003274
0.00003264
0.00003248
0.0001297
0.8494
0.00006476
0.00003228
0.00006457
0.000008222
0.000004112
0.00002188
0.000004105
0.000127
0.000004085
0.000004082
0.000004082
0.00001087
0.00004346
0.000004078
0.00003229
0.00001085
0.00003229
0.00005695
0.000004067
0.000004067
0.00000813
0.000004065
0.000004065
0.000004064
0.000004064
0.000004064
0.00003231
0.00004693
0.00002032
0.000008126
0.00001219
0.00002437
0.0001227
0.000004063
0.000004062
0.000004062
0.000008125
0.000004063
0.000004063
0.00002031
0.000004063
0.000004063
0.00003609
0.000004062
0.00001219
0.00002437
0.0001422
0.000004062
0.00001805
0.00002031
0.00001218
0.000004061
0.00006466
0.000004061
0.00003232
0.00001218
0.00001082
0.00006856
0.00007216
0.6631
0.00001625
0.00001443
0.000004061
0.000004061
0.000004061
0.00001218
0.000004061
0.00001804
0.00003234
0.00009742
0.000004061
0.00004061
0.000004061
0.000004062
0.000008123
0.000008124
0.000008124
0.000004062
0.00006857
0.001563
0.00003234
0.000004062
0.000004062
0.000004062
0.01271
0.000004064
0.00003233
0.0000325
0.000004071
0.000004073
0.002596
0.0001268
0.00001219
0.000004065
0.000004065
0.000008181
0.000004065
0.000008204
0.00003276
0.06676
0.000004066
0.000004117
0.000004117
0.00003241
0.000004068
0.000004068
0.000004144
0.000004142
0.002921
0.000004193
0.000004193
0.8232
0.00003266
0.0003328
0.0001576
0.0001576
0.0002191
0.0203
0.0002183
0.0001091
0.0001281
0.0001271
0.0001271
0.0001271
0.0002542
0.0002542
0.00002867
0.00004914
0.0002708
0.00005177
0.000005415
0.00001649
0.000004101
0.0002105
0.000008176
0.00001089
0.000004089
0.00006466
0.000008184
0.000004093
0.00001817
0.0000218
0.000004094
0.00003689
0.0000492
0.0000041
0.00009838
0.000008198
0.0000369
0.000004104
0.000004106
0.000004107
0.00000413
0.000004128
0.000004118
0.000004117
0.0000146
0.00001234
0.00000411
0.00001644
0.00001234
0.6714
0.00002879
0.00002463
0.0000123
0.000004096
0.000004094
0.00000409
0.00000409
0.000004089
0.0003917
0.000004084
0.000008167
0.000004084
0.000004082
0.000004079
0.0005547
0.000004079
0.000004077
0.0000324
0.00002533
0.000004073
0.000008146
0.000004072
0.00003258
0.000004073
0.00004703
0.000007235
0.00002851
0.000004072
0.00003258
0.000008145
0.000004072
0.000004073
0.000008147
0.00001222
0.000004073
0.00001222
0.00008687
0.000004077
0.00002539
0.00009702
0.000004085
0.000004093
0.00003234
0.000004137
0.000004191
0.00002128
0.00006466
0.00000455
0.000004831
0.00001022
0.00002141
0.000453
0.0003554
0.00001543
0.000007714
0.00001542
0.000007707
0.000007705
0.000007705
0.000007705
0.000007706
0.00004623
0.0001867
0.000007705
0.000007705
0.000007705
0.0000323
0.000007705
0.000007705
0.000007705
0.00001541
0.000007704
0.000007704
0.00002488
0.000007704
0.000007704
0.000007704
0.00001866
0.0002263
0.0001294
0.0000323
0.00006462
0.0000646
0.00003232
0.00003231
0.0000323
0.00009683
0.00155
0.001518
0.00003233
0.00003238
0.00003231
0.00006459
0.00003229
0.00003229
0.00003229
0.00003228
0.00003229
0.0001938
0.0001614
0.00003229
0.00003229
0.00003229
0.00003229
0.00003229
0.00003229
0.000226
0.00003229
0.00003229
0.00003229